1150
2602
2404
2250
1907
1179
1865
1642
1247
1752
1223
2790
1621
1946
2492
361
2288
257
2536
502
713
701
2657
1298
2142
1770
930
1167
1960
149
430
2549
550
1950
612
1297
182
1850
366
421
16
1139
472
2685
677
1733
2179
987
1463
1011
12
2696
707
618
0
1751
1757
97
2095
2350
2074
2596
1738
1513
1444
2688
1417
1262
600
1520
337
1632
1726
2388
977
2419
2892
1546
736
1537
2175
289
1942
859
2176
39
703
72
1234
26
418
1230
2138
2427
507
2451
997
1102
2704
1472
1303
143
804
1533
2498
2724
808
2899
1307
1189
998
437
246
7
2231
466
2574
1420
646
99
1951
2007
2091
541
1854
151
877
1115
2320
1816
450
1516
1945
1294
282
886
2827
666
2330
575
1240
1784
458
923
783
2823
1459
966
1233
2046
1588
1187
1789
1270
2614
2
1301
2895
647
1057
1116
2287
1939
1101
577
1579
1786
1981
705
467
2111
2510
1002
1721
2633
2371
1123
1246
926
2766
1277
343
574
698
1079
1562
965
1830
276
2306
2279
1474
24
1394
2467
2653
2888
2312
1973
317
406
2238
2382
2293
849
552
937
1106
148
1685
839
2803
1703
803
1322
731
549
763
667
1705
2358
105
1896
697
718
42
20
2384
76
2808
974
414
1631
2020
2504
157
2777
2905
657
2409
2212
1427
1397
659
1432
401
1838
2580
2430
1260
2831
1319
1774
2219
1857
2297
18
1787
1554
85
140
1464
1639
636
1063
1795
59
1585
1434
2450
912
1936
567
1577
914
1508
539
2326
2324
2431
801
1194
355
1099
41
1512
1739
1196
927
2428
225
1180
2768
2253
297
1912
2043
150
2248
909
1819
2416
1347
2826
2126
2825
1457
415
908
2873
1529
2048
754
2251
524
1324
36
1396
934
2316
1944
2678
1618
2785
2630
2437
2072
1348
1357
116
1935
2422
2015
2010
1785
1683
58
1108
2045
2106
165
135
1919
294
54
2317
2745
1353
425
2806
633
6
810
1649
709
2505
2518
63
1594
1923
1524
108
174
461
1693
158
1435
2587
862
2652
2221
668
172
1643
2693
1342
248
501
1027
2460
2098
2890
470
1613
2432
2528
2361
33
446
932
2538
1312
2166
2613
2877
2260
2793
2104
2069
893
2753
1114
1666
1082
2109
1541
1421
124
1509
1097
1581
2433
2881
1862
2070
255
2612
1892
2543
286
285
1736
1053
929
2500
751
1368
819
409
2497
2086
1929
632
1343
1967
100
454
2847
553
1593
635
545
1534
183
1468
2149
185
1173
2503
1145
758
1543
2023
953
2333
1023
2506
2189
2110
32
2473
1517
1650
2674
2444
1818
1264
268
1450
972
1447
192
1620
786
342
2856
1218
817
87
155
1901
1701
2299
2863
837
735
1028
2339
82
2607
1607
2496
679
1026
1899
2208
205
1439
1013
684
2720
1941
2089
2334
1843
1842
1272
2485
2525
1625
1587
2828
2725
746
1886
864
1201
1014
193
2396
167
2262
629
1796
121
994
274
2764
15
2093
1387
1398
1627
2032
2081
1465
905
2083
576
154
1141
249
2699
2441
1337
644
2448
557
2405
535
299
365
2713
656
1870
2780
1310
1178
2390
1671
1129
1760
290
2124
332
1185
898
129
1212
2003
589
2413
611
1056
2298
2852
2698
894
2849
34
439
244
2879
218
277
1599
89
2532
651
1991
1480
2616
178
1451
2353
2310
2372
216
2080
700
1138
853
1198
2842
2840
2677
1140
2127
493
104
1220
2130
428
2844
188
476
630
1567
220
2771
2625
114
1065
1448
2120
66
1022
1267
2628
53
1237
2309
2218
1810
948
2159
191
688
1151
2556
110
1000
2209
1175
2055
2346
2258
1606
340
2379
2214
2855
1161
330
1986
1080
2012
1278
312
1715
19
2514
1214
800
1965
50
1873
852
2211
2135
1428
1837
2270
347
2908
2016
352
559
1221
750
1010
2472
2763
300
29
448
1686
1565
2632
820
1595
873
1653
1694
1445
1947
132
984
95
824
971
1364
2872
871
389
1713
2759
123
1990
1393
694
443
447
2156
186
1834
2869
782
75
1699
906
460
1542
1470
61
137
639
1048
1136
484
1881
1661
511
2655
101
1573
506
547
362
360
2533
1522
2887
2779
1155
213
950
2658
2590
2009
2376
566
2707
1339
1494
1383
1532
1783
643
296
2368
2137
1399
1959
1781
2476
2113
2801
1068
2880
522
2266
814
1098
2348
35
2340
1753
441
2383
126
473
2738
2819
847
1995
2178
2011
2380
2621
417
1170
2239
2061
1933
655
1861
2810
542
2200
2818
485
159
1812
2315
1143
2141
1341
2336
885
806
2734
2644
475
2902
787
1737
613
2577
2321
1024
2539
1366
2564
1360
1226
2585
1908
2148
2335
2701
2726
792
816
2770
2259
1044
1401
617
2073
534
845
2586
1943
1321
2781
1323
2706
2843
1853
663
1051
583
2425
889
2597
2154
2660
1704
2794
69
689
1698
2627
1835
1872
699
62
1117
940
2210
2519
1674
1172
1203
1741
397
301
1523
1460
1608
1987
641
924
103
109
2395
1920
1311
2659
1377
2399
1352
1265
1021
1370
2499
250
1668
1849
1628
55
1966
2566
2060
1972
2453
1487
637
494
1350
2192
880
2512
344
2683
2833
2815
2329
1712
2739
1073
2193
1499
1235
170
872
202
809
495
1800
1091
1
2767
2029
851
1255
281
508
2013
1306
2836
2650
2323
1617
1743
2606
1528
936
1072
1766
2181
1817
2412
747
1806
597
399
2367
1159
844
1727
1033
2746
2107
2229
2835
678
492
724
2740
1124
1361
969
1135
609
245
2276
1452
682
879
2165
1154
981
807
2555
1707
842
2215
323
2213
187
1564
970
1142
2017
2755
1239
275
331
